☆ 蛐蛐的PN532 ☆ by (蛐蛐V2.0) 
=============================================== 
  厂商代码(ID)   紫色 
  数据           黑色     存取控制       蓝色 
  密码A          红色     密码B          绿色 
=============================================== 
--------------------扇区  0-------------------- 
B9 1A 25 03 85 08 04 00 62 63 64 65 66 67 68 69  
00 00 00 00 00 00 00 00 00 00 00 00 00 00 00 00  
00 00 00 00 00 00 00 00 00 00 00 00 00 00 00 00  
FF FF FF FF FF FF FF 07 80 69 FF FF FF FF FF FF  
--------------------扇区  1-------------------- 
00 00 00 00 00 00 00 00 00 00 00 00 00 00 00 00  
00 00 00 00 00 00 00 00 00 00 00 00 00 00 00 00  
00 00 00 00 00 00 00 00 00 00 00 00 00 00 00 00  
FF FF FF FF FF FF FF 07 80 69 FF FF FF FF FF FF  
--------------------扇区  2-------------------- 
00 00 00 00 00 00 00 00 00 00 00 00 00 00 00 00  
00 00 00 00 00 00 00 00 00 00 00 00 00 00 00 00  
00 00 00 00 00 00 00 00 00 00 00 00 00 00 00 00  
FF FF FF FF FF FF FF 07 80 69 FF FF FF FF FF FF  
--------------------扇区  3-------------------- 
00 00 00 00 00 00 00 00 00 00 00 00 00 00 00 00  
00 00 00 00 00 00 00 00 00 00 00 00 00 00 00 00  
00 00 00 00 00 00 00 00 00 00 00 00 00 00 00 00  
FF FF FF FF FF FF FF 07 80 69 FF FF FF FF FF FF  
--------------------扇区  4-------------------- 
00 00 00 00 00 00 00 00 00 00 00 00 00 00 00 00  
00 00 00 00 00 00 00 00 00 00 00 00 00 00 00 00  
00 00 00 00 00 00 00 00 00 00 00 00 00 00 00 00  
FF FF FF FF FF FF FF 07 80 69 FF FF FF FF FF FF  
--------------------扇区  5-------------------- 
00 00 00 00 00 00 00 00 00 00 00 00 00 00 00 00  
00 00 00 00 00 00 00 00 00 00 00 00 00 00 00 00  
00 00 00 00 00 00 00 00 00 00 00 00 00 00 00 00  
FF FF FF FF FF FF FF 07 80 69 FF FF FF FF FF FF  
--------------------扇区  6-------------------- 
00 00 00 00 00 00 00 00 00 00 00 00 00 00 00 00  
00 00 00 00 00 00 00 00 00 00 00 00 00 00 00 00  
00 00 00 00 00 00 00 00 00 00 00 00 00 00 00 00  
FF FF FF FF FF FF FF 07 80 69 FF FF FF FF FF FF  
--------------------扇区  7-------------------- 
00 00 00 00 00 00 00 00 00 00 00 00 00 00 00 00  
00 00 00 00 00 00 00 00 00 00 00 00 00 00 00 00  
00 00 00 00 00 00 00 00 00 00 00 00 00 00 00 00  
FF FF FF FF FF FF FF 07 80 69 FF FF FF FF FF FF  
--------------------扇区  8-------------------- 
00 01 F2 2C 00 00 02 00 00 00 00 00 00 00 00 00  
88 13 88 13 88 13 ED 18 00 00 00 00 0a 00 D6 01  
00 00 00 00 00 00 00 00 00 00 00 00 00 00 00 00  
12 36 54 78 78 99 FF 07 80 69 FF FF FF FF FF FF  
--------------------扇区  9-------------------- 
00 00 00 00 00 00 00 00 00 00 00 00 00 00 00 00  
00 00 00 00 00 00 00 00 00 00 00 00 00 00 00 00  
00 00 00 00 00 00 00 00 00 00 00 00 00 00 00 00  
FF FF FF FF FF FF FF 07 80 69 FF FF FF FF FF FF  
--------------------扇区  10-------------------- 
00 00 00 00 00 00 00 00 00 00 00 00 00 00 00 00  
00 00 00 00 00 00 00 00 00 00 00 00 00 00 00 00  
00 00 00 00 00 00 00 00 00 00 00 00 00 00 00 00  
FF FF FF FF FF FF FF 07 80 69 FF FF FF FF FF FF  
--------------------扇区  11-------------------- 
00 00 00 00 00 00 00 00 00 00 00 00 00 00 00 00  
00 00 00 00 00 00 00 00 00 00 00 00 00 00 00 00  
00 00 00 00 00 00 00 00 00 00 00 00 00 00 00 00  
FF FF FF FF FF FF FF 07 80 69 FF FF FF FF FF FF  
--------------------扇区  12-------------------- 
00 00 00 00 00 00 00 00 00 00 00 00 00 00 00 00  
00 00 00 00 00 00 00 00 00 00 00 00 00 00 00 00  
00 00 00 00 00 00 00 00 00 00 00 00 00 00 00 00  
FF FF FF FF FF FF FF 07 80 69 FF FF FF FF FF FF  
--------------------扇区  13-------------------- 
00 00 00 00 00 00 00 00 00 00 00 00 00 00 00 00  
00 00 00 00 00 00 00 00 00 00 00 00 00 00 00 00  
00 00 00 00 00 00 00 00 00 00 00 00 00 00 00 00  
FF FF FF FF FF FF FF 07 80 69 FF FF FF FF FF FF  
--------------------扇区  14-------------------- 
00 00 00 00 00 00 00 00 00 00 00 00 00 00 00 00  
00 00 00 00 00 00 00 00 00 00 00 00 00 00 00 00  
00 00 00 00 00 00 00 00 00 00 00 00 00 00 00 00  
FF FF FF FF FF FF FF 07 80 69 FF FF FF FF FF FF  
--------------------扇区  15-------------------- 
00 00 00 00 00 00 00 00 00 00 00 00 00 00 00 00  
00 00 00 00 00 00 00 00 00 00 00 00 00 00 00 00  
00 00 00 00 00 00 00 00 00 00 00 00 00 00 00 00  
FF FF FF FF FF FF FF 07 80 69 FF FF FF FF FF FF  
