☆ 蛐蛐的PN532 ☆ by (蛐蛐V2.0) 
=============================================== 
  厂商代码(ID)   紫色 
  数据           黑色     存取控制       蓝色 
  密码A          红色     密码B          绿色 
=============================================== 
--------------------扇区  0-------------------- 
41 9F F5 19 32 08 04 00 02 31 5F 61 D6 F8 45 1D  
00 01 10 03 03 03 06 FF FF FF FF FF FF FF FF FF  
00 00 00 00 00 00 00 00 00 00 00 00 00 00 00 00  
A0 A1 A2 A3 A4 A5 78 77 88 69 A8 85 25 72 8E 56  
--------------------扇区  1-------------------- 
25 01 00 01 00 02 19 11 E2 F6 20 DC 02 00 00 C5  
20 18 09 14 21 00 01 01 20 18 09 14 00 00 A5 84  
20 18 09 14 00 00 00 00 01 15 10 02 00 00 00 23  
41 9F F5 19 41 9F 78 77 88 69 A8 85 25 72 8E 56  
--------------------扇区  2-------------------- 
EC 2C 00 00 73 00 00 00 00 00 11 11 00 00 00 B3  
48 0D 00 00 B7 F2 FF FF 48 0D 00 00 FF 00 FF 00  
48 0D 00 00 B7 F2 FF FF 48 0D 00 00 FF 00 FF 00  
6C 46 D6 B3 92 AD 08 77 8F 69 A8 85 25 72 8E 56  
--------------------扇区  3-------------------- 
10 15 15 31 AC 0D 00 00 00 01 00 01 00 00 00 00  
26 09 42 20 CC 10 00 00 00 01 00 01 00 00 00 00  
26 10 48 26 68 10 00 00 00 01 00 01 00 00 00 00  
6C 46 D6 B3 92 AD FF 07 80 69 A8 85 25 72 8E 56  
--------------------扇区  4-------------------- 
28 17 34 35 04 10 00 00 00 01 00 01 00 00 00 00  
10 13 59 53 A0 0F 00 00 00 01 00 01 00 00 00 00  
10 13 59 57 3C 0F 00 00 00 01 00 01 00 00 00 00  
6C 46 D6 B3 92 AD FF 07 80 69 A8 85 25 72 8E 56  
--------------------扇区  5-------------------- 
10 13 59 59 D8 0E 00 00 00 01 00 01 00 00 00 00  
10 15 15 25 74 0E 00 00 00 01 00 01 00 00 00 00  
10 15 15 29 10 0E 00 00 00 01 00 01 00 00 00 00  
6C 46 D6 B3 92 AD FF 07 80 69 A8 85 25 72 8E 56  
--------------------扇区  6-------------------- 
01 51 00 02 00 00 00 10 FF FF FF FF FF FF FF BD  
01 51 00 02 00 00 00 10 FF FF FF FF FF FF FF BD  
FF 00 0A 1C 2B 01 0A 0F 0F FF FF FF FF FF FF C9  
6C 46 D6 B3 92 AD FF 07 80 69 A8 85 25 72 8E 56  
--------------------扇区  7-------------------- 
00 00 00 00 00 00 00 00 00 00 00 00 00 00 00 00  
00 00 00 00 00 00 00 00 00 00 00 00 00 00 00 00  
00 00 00 00 00 00 00 00 00 00 00 00 00 00 00 00  
6C 46 D6 B3 92 AD 08 77 8F 69 A8 85 25 72 8E 56  
--------------------扇区  8-------------------- 
00 00 00 00 00 00 00 00 00 00 00 00 00 00 00 00  
00 00 00 00 00 00 00 00 00 00 00 00 00 00 00 00  
00 00 00 00 00 00 00 00 00 00 00 00 00 00 00 00  
6C 46 D6 B3 92 AD 08 77 8F 69 A8 85 25 72 8E 56  
--------------------扇区  9-------------------- 
00 00 00 00 00 00 00 00 00 00 00 00 00 00 00 00  
00 00 00 00 00 00 00 00 00 00 00 00 00 00 00 00  
00 00 00 00 00 00 00 00 00 00 00 00 00 00 00 00  
6C 46 D6 B3 92 AD 08 77 8F 69 A8 85 25 72 8E 56  
--------------------扇区  10-------------------- 
00 00 00 00 00 00 00 00 00 00 00 00 00 00 00 00  
00 00 00 00 00 00 00 00 00 00 00 00 00 00 00 00  
00 00 00 00 00 00 00 00 00 00 00 00 00 00 00 00  
6C 46 D6 B3 92 AD FF 07 80 69 A8 85 25 72 8E 56  
--------------------扇区  11-------------------- 
00 00 00 00 00 00 00 00 00 00 00 00 00 00 00 00  
00 00 00 00 00 00 00 00 00 00 00 00 00 00 00 00  
00 00 00 00 00 00 00 00 00 00 00 00 00 00 00 00  
6C 46 D6 B3 92 AD FF 07 80 69 A8 85 25 72 8E 56  
--------------------扇区  12-------------------- 
00 00 00 00 00 00 00 00 00 00 00 00 00 00 00 00  
00 00 00 00 00 00 00 00 00 00 00 00 00 00 00 00  
00 00 00 00 00 00 00 00 00 00 00 00 00 00 00 00  
6C 46 D6 B3 92 AD FF 07 80 69 A8 85 25 72 8E 56  
--------------------扇区  13-------------------- 
00 00 00 00 00 00 00 00 00 00 00 00 00 00 00 00  
00 00 00 00 00 00 00 00 00 00 00 00 00 00 00 00  
00 00 00 00 00 00 00 00 00 00 00 00 00 00 00 00  
6C 46 D6 B3 92 AD FF 07 80 69 A8 85 25 72 8E 56  
--------------------扇区  14-------------------- 
00 00 00 00 00 00 00 00 00 00 00 00 00 00 00 00  
00 00 00 00 00 00 00 00 00 00 00 00 00 00 00 00  
00 00 00 00 00 00 00 00 00 00 00 00 00 00 00 00  
6C 46 D6 B3 92 AD FF 07 80 69 A8 85 25 72 8E 56  
--------------------扇区  15-------------------- 
00 00 00 00 00 00 00 00 00 00 00 00 00 00 00 00  
00 00 00 00 00 00 00 00 00 00 00 00 00 00 00 00  
00 00 00 00 00 00 00 00 00 00 00 00 00 00 00 00  
FF FF FF FF FF FF FF 07 80 69 FF FF FF FF FF FF  
